70
64
58
80
90
74
85
63
70
67
60
68
74
73
87
61
76
61
56
57
73
68
94
61
83
72
88
63
67
82
60
55
64
64
69
56
67
77
77
67
59
61
72
88
99
74
78
60
70
68
97
61
101
87
70
82
65
68
74
64
71
70
65
69
85
69
78
60
76
76
68
83
67
81
63
72
78
66
76
69
73
70
71
73
74
76
71
75
70
65
63
77
99
88
70
79
81
63
70
79
66
58
64
62
73
75
58
78
83
67
56
58
71
59
69
68
66
82
66
67
80
73
58
82
79
77
68
71
72
99
62
61
55
71
67
87
76
61
68
76
63
68
74
60
68
60
69
63
66
80
66
67
60
64
72
63
61
75
58
70
64
89
75
80
78
88
70
63
71
64
67
67
81
62
70
69
68
73
72
104
64
68
64
78
65
77
71
60
63
89
68
74
97
78
75
67
74
74
66
60
77
63
77
96
76
59
91
63
57
68
86
70
62
69
72
73
63
80
89
61
66
112
76
64
58
61
72
84
79
61
64
74
58
72
64
76
63
66
65
66
59
72
62
77
67
85
53
79
66
58
67
59
73
72
64
73
87
86
76
97
67
83
72
78
67
75
84
67
67
72
64
61
65
77
78
74
73
73
71
71
75
71
71
86
74
68
73
76
64
66
74
86
73
71
69
71
70
82
62
71
58
74
76
65
67
73
79
61
65
77
66
155
75
71
73
58
74
61
64
55
71
89
56
68
87
89
61
64
75
73
69
86
73
63
76
61
77
69
66
58
67
122
73
73
67
66
79
90
62
58
78
75
73
67
68
75
61
86
60
63
63
71
65
62
67
81
72
75
63
64
92
68
71
63
74
70
58
88
64
71
66
60
70
66
67
68
65
77
77
82
70
84
82
71
69
62
104
59
75
59
70
58
73
66
72
72
52
83
75
86
60
81
71
69
65
70
63
64
78
67
93
80
67
59
71
103
71
68
88
87
64
83
68
62
76
64
75
59
73
94
66
77
66
70
68
66
70
79
73
81
61
82
85
64
77
75
62
59
60
67
67
82
69
74
88
89
59
61
70
65
64
59
63
61
63
57
62
57
74
58
65
76
63
80
75
67
83
60
73
76
68
68
62
92
83
66
71
72
68
66
89
66
82
65
70
91
71
113
75
76
81
83
65
71
58
63
65
66
69
86
66
73
77
68
69
78
93
54
85
58
68
79
63
82
77
71
72
59
61
65
62
77
69
58
72
63
80
76
63
74
66
65
76
69
81
63
71
93
77
67
72
88
65
62
66
69
71
89
79
92
81
68
67
75
78
64
75
79
64
80
66
75
72
77
79
64
63
69
71
89
72
82
68
77
69
76
74
67
81
67
102
62
74
62
101
85
82
81
76
63
87
79
70
66
62
58
70
85
85
66
56
69
60
80
67
80
77
73
68
73
107
69
70
71
73
78
76
65
73
75
76
71
56
75
83
79
70
68
75
68
62
68
82
75
63
75
61
69
67
79
72
78
67
68
63
65
74
97
64
76
66
68
55
64
97
73
66
69
77
59
76
90
76
70
70
77
59
66
60
74
67
74
70
81
64
65
83
88
64
104
61
70
67
69
75
64
88
60
70
71
81
98
57
73
73
76
61
69
66
62
86
86
79
62
74
72
68
80
97
62
69
62
76
101
68
72
68
67
83
71
63
78
58
62
74
79
87
60
60
77
78
96
66
73
59
65
75
73
67
70
97
68
85
72
96
73
69
74
61
74
78
74
65
67
88
89
74
64
73
61
68
65
79
72
63
57
104
72
65
64
59
59
78
60
57
66
67
74
60
59
62
68
66
61
61
62
78
79
61
83
81
63
61
93
67
67
67
70
64
62
80
76
65
95
71
64
73
72
71
66
71
78
87
58
67
67
82
62
68
63
72
71
64
66
71
64
61
62
62
85
59
72
97
84
64
76
95
68
57
59
75
73
77
64
73
76
76
78
71
66
60
82
59
60
66
91
66
64
90
57
72
63
57
71
78
58
72
67
67
74
72
68
57
64
65
58
68
63
62
69
85
57
82
62
61
64
64
71
77
64
67
76
87
73
64
71
68
58
78
73
64
77
63
77
64
66
67
68
113
58
89
67
67
61
68
65
65
72
56
65
69
70
85
62
61
57
70
67
73
Saving session...
...copying shared history...
...saving history...truncating history files...
...completed.
